image_width: 800
image_height: 600
camera_name: imx219__base_soc_i2c0mux_i2c_1_imx219_10_800x600
camera_matrix:
  rows: 3
  cols: 3
  data: [623.33648,   0.     , 418.99225,
           0.     , 625.96146, 310.62512,
           0.     ,   0.     ,   1.     ]
distortion_model: plumb_bob
distortion_coefficients:
  rows: 1
  cols: 5
  data: [0.128231, -0.193834, 0.006418, 0.006601, 0.000000]
rectification_matrix:
  rows: 3
  cols: 3
  data: [1., 0., 0.,
         0., 1., 0.,
         0., 0., 1.]
projection_matrix:
  rows: 3
  cols: 4
  data: [634.90509,   0.     , 424.17873,   0.     ,
           0.     , 640.85016, 313.48371,   0.     ,
           0.     ,   0.     ,   1.     ,   0.     ]
