# extrinsics (ref to camera optical frame transform)
ref_to_camo_t: -0.001946449880,0.086142080151,-0.029904421358
ref_to_camo_q: 0.621958146470,-0.609765350653,0.351948352848,0.342763239147
